HCH_012_301_000001	婦人之行，不出於閨門，故《詩》載《關雎》、《葛覃》、《桃夭》、《芣苜》，皆處常履順，貞靜和平，而內行之修，王化之行，具可考見。
HCH_012_301_000002	其變者，《行露》、《柏舟》，一二見而已。
HCH_012_301_000003	劉向傳列女，取行事可為鑒戒，不存一操。
HCH_012_301_000004	範氏宗之，亦采才行高秀者，非獨貴節烈也。
HCH_012_301_000005	魏、隋而降，史家乃多取患難顛沛、殺身殉義之事。
HCH_012_301_000006	蓋挽近之情，忽庸行而尚奇激，國制所褒，誌乘所錄，與夫裏巷所稱道，流俗所震駭，胥以至奇至苦為難能。
HCH_012_301_000007	而文人墨客往往借俶儻非常之行，以發其偉麗激越跌宕可喜之思，故其傳尤遠，而其事尤著。
HCH_012_301_000008	然至性所存，倫常所系，正氣之不至於淪澌，而斯人之所以異於禽獸，載筆者宜莫之敢忽也。
HCH_012_301_000009	明興，著為規條，巡方督學歲上其事。
HCH_012_301_000010	大者賜祠祀，次亦樹坊表，烏頭綽楔，照耀井閭，乃至僻壤下戶之女，亦能以貞白自砥。
HCH_012_301_000011	其著於實錄及郡邑誌者，不下萬餘人，雖間有以文藝顯，要之節烈為多。
HCH_012_301_000012	嗚呼！
HCH_012_301_000013	何其盛也。
HCH_012_301_000014	豈非聲教所被，廉恥之分明，故名節重而蹈義勇歟！
HCH_012_301_000015	今掇其尤者，或以年次，或以類從，具著於篇，視前史殆將倍之。
HCH_012_301_000016	然而姓名湮滅者，尚不可勝計，存其什一，亦足以示勸雲。
HCH_012_301_000017	月娥劉孝婦諸娥丁氏楊氏貞女韓氏姚孝女盧佳娘吳氏石孝女湯慧信義婢妙聰徐孝女高氏孫義婦梁氏馬氏義姑萬氏郭氏程氏王妙鳳楊泰奴陳氏莊氏王氏鐘氏四節婦宣氏徐氏義妾張氏龔烈婦範氏二女成氏章銀兒招囊猛淩氏義婦楊氏史氏汪烈婦竇妙善石門丐婦賈氏胡氏陳宗球妻史氏葉氏胡貴貞孫氏江氏月娥，西域人，元武昌尹職馬祿丁女也。
HCH_012_301_000018	少聰慧，聽諸兄誦說經史，輒通大義。
HCH_012_301_000019	長適蕪湖葛通甫，事上撫下，一秉禮法。
HCH_012_301_000020	長姒盧率諸婦女，悉受其教。
HCH_012_301_000021	太祖渡江之六年，偽漢兵自上遊而下，盧曰：「太平有城郭，且嚴兵守，可恃。」
HCH_012_301_000022	使月娥挾諸婦女往避之。
HCH_012_301_000023	未幾，寇至，城陷，月娥嘆曰：「吾生詩禮家，可失節於賊邪！」
HCH_012_301_000024	抱幼女赴水死。
HCH_012_301_000025	諸婦女相從投水者九人，方盛暑，屍七日不浮，顏色如生。
HCH_012_301_000026	鄉人為巨穴合葬之故居之南，題曰十女墓。
HCH_012_301_000027	娥弟丁鶴年，幼通經史，皆娥口授也。
HCH_012_301_000028	後通甫與盧皆死於寇。
HCH_012_301_000029	劉孝婦，新樂韓太初妻。
HCH_012_301_000030	太初，元時為知印。
HCH_012_301_000031	洪武初，例徙和州，挈家行。
HCH_012_301_000032	劉事姑謹，姑道病，刺血和藥以進。
HCH_012_301_000033	抵和州，夫卒，劉種蔬給姑食。
HCH_012_301_000034	越二年，姑患風疾不能起，晝夜奉湯藥，驅蚊蠅不離側。
HCH_012_301_000035	姑體腐，蛆生席間，為嚙蛆，蛆不復生。
HCH_012_301_000036	及姑疾篤，刲肉食之，少蘇，逾月而卒，殯之舍側。
HCH_012_301_000037	欲還葬舅冢，力不能舉喪，哀號五載。
HCH_012_301_000038	太祖聞之，遣中使賜衣一襲、鈔二十錠，命有司還其喪，旌門閭，復徭役。
HCH_012_301_000039	同時甄氏，欒城李大妻，事姑孝。
HCH_012_301_000040	姑壽九十一卒，甄廬墓三年，旦暮悲號，亦被旌。
HCH_012_301_000041	孝女諸娥，山陰人。
HCH_012_301_000042	父士吉，洪武初為糧長。
HCH_012_301_000043	有黠而逋賦者，誣士吉於官，論死，二子炳、煥亦罹罪。
HCH_012_301_000044	娥方八歲，晝夜號哭，與舅陶山長走京師訴冤。
HCH_012_301_000045	時有令，冤者非臥釘板，勿與勘問。
HCH_012_301_000046	娥輾轉其上，幾斃，事乃聞，勘之，僅戍一兄而止。
HCH_012_301_000047	娥重傷卒，裏人哀之，肖像配曹娥廟。
HCH_012_301_000048	唐方妻，浙新昌丁氏女，名錦孥。
HCH_012_301_000049	洪武中，方為山東僉事，坐法死，妻子當沒為官婢。
HCH_012_301_000050	有司按籍取之，監護者見丁色美，借梳掠發，丁以梳擲地，其人取掠之，持還丁。
HCH_012_301_000051	丁罵不受，謂家人曰：「此輩無禮，必辱我，非死無以全節。」
HCH_012_301_000052	肩輿過陰澤，崖峭水深，躍出赴水，衣厚不能沈，從容以手斂裙，隨流而沒，年二十八，時稱其處為夫人潭。
HCH_012_301_000053	鄭煁妻石氏。
HCH_012_301_000054	煁，浦江鄭泳孫也。
HCH_012_301_000055	洪武初，李文忠薦諸朝，屢遷藏庫提點，坐法死。
HCH_012_301_000056	石當遣配，泣曰：「我義門婦也，可辱身以辱門乎！」
HCH_012_301_000057	不食死。
HCH_012_301_000058	楊氏，慈谿人，字同邑鄭子來。
HCH_012_301_000059	洪武中，子來父仲徽戍雲南。
HCH_012_301_000060	明制，子成丁者隨遣，子來亦在戍中。
HCH_012_301_000061	楊年甫十六，聞子來母老弟幼，請於父母，適鄭養姑，以待子來之返。
HCH_012_301_000062	子來竟卒戍所，楊與姑撫諸叔成立，以夫從子孔武為嗣，苦節五十餘年。
HCH_012_301_000063	其後，鄭煥妻張氏，嫁未旬日；泰然妻嚴氏生子一蘭，方孩抱；栻妻王氏事夫癇病，狂不省人事，服勤八年弗怠；三人皆楊氏夫族，先後早寡，皆以節聞。
HCH_012_301_000064	萬歷中，知府鄒希賢題曰鄭氏節門，以比浦江鄭氏義門雲。
HCH_012_301_000065	貞女韓氏，保寧人。
HCH_012_301_000066	元末明玉珍據蜀，貞女慮見掠，偽為男子服，混跡民間。
HCH_012_301_000067	既而被驅入伍，轉戰七年，人莫知其處女也。
HCH_012_301_000068	後從玉珍破雲南還，遇其叔父贖歸成都，始改裝而行，同時從軍者莫不驚異。
HCH_012_301_000069	洪武四年嫁為尹氏婦。
HCH_012_301_000070	成都人以韓貞女稱。
HCH_012_301_000071	其後有黃善聰者，南京人。
HCH_012_301_000072	年十三失母，父販香廬、鳳間，令善聰為男子裝從遊數年。
HCH_012_301_000073	父死，善聰習其業，變姓名曰張勝。
HCH_012_301_000074	有李英者，亦販香，與為伴侶者逾年，不知其為女也。
HCH_012_301_000075	後偕返南京省其姊。
HCH_012_301_000076	姊初不之識，詰知其故，怒詈曰：「男女亂群，辱我甚矣。」
HCH_012_301_000077	拒不納。
HCH_012_301_000078	善聰以死自誓。
HCH_012_301_000079	乃呼鄰嫗察之，果處子也。
HCH_012_301_000080	相持痛哭，立為改裝。
HCH_012_301_000081	明日，英來，知為女，怏怏如失，歸告母求婚。
HCH_012_301_000082	善聰不從，曰：「若歸英，如瓜李何？」
HCH_012_301_000083	鄰裏交勸，執益堅。
HCH_012_301_000084	有司聞之，助以聘，判為夫婦。
HCH_012_301_000085	姚孝女，余姚人，適吳氏。
HCH_012_301_000086	母出汲，虎銜之去，女追掣虎尾，虎欲前，女掣益力，尾遂脫，虎負痛躍去。
HCH_012_301_000087	負母還，藥之獲愈，奉其母二十年。
HCH_012_301_000088	後成化間，武康有蔡孝女，隨母入山采藥。
HCH_012_301_000089	虎攫其母，女折樹枝格鬥三百餘步。
HCH_012_301_000090	虎舍其母，傷女，血歕丈許，竹葉為赤，女亦獲全。
HCH_012_301_000091	後招遠有孝女，不知其姓。
HCH_012_301_000092	父采石南山，為蟒所吞。
HCH_012_301_000093	女哭之，願見父屍同死。
HCH_012_301_000094	俄頃大雷電擊蟒墮女前，腹裂見父屍。
HCH_012_301_000095	女負土掩埋，觸石而死。
HCH_012_301_000096	盧佳娘，福清李廣妻。
HCH_012_301_000097	婚甫十月，廣暴卒，盧慟絕復蘇，見廣口鼻出惡血，悉餂食之。
HCH_012_301_000098	既殮，哭輒僵仆，積五六日，家人防懈，潛入寢室自經。
HCH_012_301_000099	後其縣有遊政妻倪氏殉夫，亦然。
HCH_012_301_000100	又有施氏，滁州彭禾妻。
HCH_012_301_000101	正德元年，禾得疾不起，握手訣曰：「疾憊甚，知必死。汝無子，擇婿而嫁，毋守死，徒自苦也。」
HCH_012_301_000102	施泣曰：「君尚不知妾乎！願先君死。」
HCH_012_301_000103	禾固止之，因取禾所嘔血盡吞之，以見誌。
HCH_012_301_000104	及禾歿，即自經。
HCH_012_301_000105	吳氏，潞州廩生盧清妻。
HCH_012_301_000106	舅姑歿於臨洺，寄瘞旅次。
HCH_012_301_000107	清授徒自給，後失廩，充掾於汴，憤恥發狂死。
HCH_012_301_000108	吳聞訃，痛絕，哭曰：「吾舅姑委骨於北，良人死，忍令終不返乎！」
HCH_012_301_000109	乃寄幼孤於姊兄，鬻次女為資，獨抵臨洺，覓舅姑瘞處不得，號泣中野。
HCH_012_301_000110	忽一丈夫至，則清所授徒也，為指示，收二骸以歸。
HCH_012_301_000111	復冒暑之汴，負夫骨還。
HCH_012_301_000112	三喪畢舉，忍餓無他誌。
HCH_012_301_000113	學正劉崧言於知州馬暾，贖其女，厚恤之。
HCH_012_301_000114	年七十五乃卒。
HCH_012_301_000115	後有畢氏，河間鄧節妻。
HCH_012_301_000116	年饑，攜家景州就食，舅姑相繼亡，節亦尋歿，俱槁葬景州。
HCH_012_301_000117	氏年三十三，無子女，獨歸里中，忍饑凍，晝夜紡織，積數年，市地城北八里莊，獨之景州，負舅姑及夫骨還葬。
HCH_012_301_000118	石孝女，新昌人。
HCH_012_301_000119	繈褓時，父潛坐事籍沒，系京獄。
HCH_012_301_000120	母吳以漏籍獲免，依兄弟為生。
HCH_012_301_000121	一日，父脫歸，匿吳家。
HCH_012_301_000122	吳兄弟懼連坐，殺置大窖中，母不敢言。
HCH_012_301_000123	及女長，問母曰：「我無父族何也？」
HCH_012_301_000124	母告之故，女大悲憤。
HCH_012_301_000125	永樂初，年十六，舅氏主婚配族子。
HCH_012_301_000126	女白母曰：「殺我父者，吳也。奈何為父仇婦？」
HCH_012_301_000127	母曰：「事非我主，奈何？」
HCH_012_301_000128	女頷而不答。
HCH_012_301_000129	嫁之日，方禮賓，女自經室中。
HCH_012_301_000130	母仰天哭曰：「吾女之死，不欲為仇人婦也。」
HCH_012_301_000131	號慟數日亦死。
HCH_012_301_000132	有司聞之，治殺潛者罪。
HCH_012_301_000133	湯慧信，上海人。
HCH_012_301_000134	通《孝經》、《列女傳》，嫁華亭鄧林。
HCH_012_301_000135	林卒，婦年二十五，一女七歲。
HCH_012_301_000136	鄧族利其居，迫使歸家，婦曰：「我鄧家婦，何歸乎？」
HCH_012_301_000137	族知不可奪，貿其居於巨室。
HCH_012_301_000138	婦泣曰：「我收夫骨於茲土，與同存亡，奈何棄之。」
HCH_012_301_000139	欲自盡，巨室義而去之。
HCH_012_301_000140	婦尋自計曰：「族利我財耳。」
HCH_012_301_000141	乃出家資，盡畀族人，躬績纴以給。
HCH_012_301_000142	歲大水，居荒野沮洳中。
HCH_012_301_000143	其女適人者，操舟來迎，不許。
HCH_012_301_000144	請暫憩舟中，亦不許，曰：「我守此六十年，因巨浸以從汝父，所甘心焉，復何往！」
HCH_012_301_000145	母女方相牽未舍，水至，湯竟溺死。
HCH_012_301_000146	義婢妙聰，保安右衛指揮張孟喆家婢也。
HCH_012_301_000147	永樂中，調兵操宣府。
HCH_012_301_000148	孟喆在行。
HCH_012_301_000149	北寇入掠，妻李謂夫妹曰：「我命婦，與若皆宦門女，義不可辱。」
HCH_012_301_000150	相挈投井中，妙聰亦隨入，見二人俱未死，以李有娠，恐水冷有所害，遂負之於背。
HCH_012_301_000151	賊退，孟喆弟仲喆求三人井中，以索引嫂妹出，而婢則死矣。
HCH_012_301_000152	徐孝女，嘉善徐遠女也。
HCH_012_301_000153	年六歲，母患臁瘡。
HCH_012_301_000154	女問母何以得愈，母謾曰：「兒吮之乃愈。」
HCH_012_301_000155	女遂請吮，母難之。
HCH_012_301_000156	女悲啼不已，母不得已聽之，吮數日，果愈。
HCH_012_301_000157	高氏女，武邑人，適諸生陳和。
HCH_012_301_000158	和早卒，高獨持門戶，奉翁姑甚孝。
HCH_012_301_000159	及宣德時，翁姑並歿，氏以禮殯葬，時年五十矣。
HCH_012_301_000160	泣謂子剛曰：「我父，洪武間舉家客河南虞城。父死，旋葬城北，母以刺木小車輞識之。比還家，母亦死，弟懦不能自振。吾三十年不敢言者，以汝王母在堂，當朝夕侍養也。今大事已畢，欲舁吾父遺骸歸合葬。」
HCH_012_301_000161	剛唯唯，隨母至虞城，抵葬所，冢累累不能辨。
HCH_012_301_000162	氏以發系馬鞍逆行，自朝及夕，至一小冢，鞍重不能前，即開其冢，所識車輞宛然。
HCH_012_301_000163	遠近觀者鹹驚異，助之歸，啟母窆同葬。
HCH_012_301_000164	孫義婦，慈谿人。
HCH_012_301_000165	歸定海黃誼昭，生子湑。
HCH_012_301_000166	未幾夫卒，孫育之成立，求兄女為配。
HCH_012_301_000167	甫三年，生二子，湑亦卒。
HCH_012_301_000168	時田賦皆令民自輸，孫姑婦相率攜幼子輸賦南京，訴尚書蹇義，言：「縣苦潮患，十年九荒，乞築海塘障之。」
HCH_012_301_000169	義見其孤苦，詰曰：「何為不嫁？」
HCH_012_301_000170	對曰：「餓死事極小，失節事極大。」
HCH_012_301_000171	義嗟嘆久之，次日即為奏請，遣官偕有司相度成之，起自龍山，迄於觀海，永免潮患。
HCH_012_301_000172	慈谿人廟祀之塘上。
HCH_012_301_000173	梁氏，大城尹之路妻。
HCH_012_301_000174	嫁歲餘，夫乏食出遊山海關，賣熟食為生。
HCH_012_301_000175	又娶馬氏，生子二，十餘年不通問。
HCH_012_301_000176	氏事翁姑，艱苦無怨言。
HCH_012_301_000177	夫客死，氏徒步行乞，迎夫喪，往返二千里，迄扶柩攜後妻二子以歸，裏人嘆異。
HCH_012_301_000178	余佈妻馬氏，吳縣人。
HCH_012_301_000179	歸五年，夫死無子，家酷貧。
HCH_012_301_000180	姑欲奪其誌，有田二畝半，得粟不以與婦，馬不為動。
HCH_012_301_000181	姑潛納他人聘，一夕鼓吹臨門，趣治妝，馬入臥室自經死，幾上食器，糠乞尚存。
HCH_012_301_000182	義姑萬氏，名義顓，字祖心，鄞人，寧波衛指揮僉事鐘女也。
HCH_012_301_000183	幼貞靜，善讀書。
HCH_012_301_000184	兩兄文、武，皆襲世職，戰死，旁無期功之親。
HCH_012_301_000185	繼母曹氏，兩嫂陳氏、吳氏，皆盛年孀居。
HCH_012_301_000186	吳遺腹僅六月，姑旦暮拜天哭告曰：「萬氏絕矣，願天賜一男，續忠臣後。我矢不嫁，共撫之。」
HCH_012_301_000187	已果生男，名之曰全。
HCH_012_301_000188	姑喜曰：「萬氏有後矣。」
HCH_012_301_000189	乃與諸嫠共守，名閥來聘，皆謝絕之，訓全讀書，迄底成立。
HCH_012_301_000190	全嗣職，傳子禧、孫椿，皆奉姑訓惟謹。
HCH_012_301_000191	姑年七十餘卒。
HCH_012_301_000192	姑之祖斌及父兄並死王事，母及二嫂守貞數十年，姑更以義著。
HCH_012_301_000193	鄉人重之，稱為四忠三節一義之門。
HCH_012_301_000194	後有陳義姑者，沙縣陳穗女。
HCH_012_301_000195	年十八，父母相繼卒，遺二男，長七歲，次五歲。
HCH_012_301_000196	親族利其有，日眈眈於旁。
HCH_012_301_000197	姑矢誌撫弟，居常置帚數十。
HCH_012_301_000198	族兄弟暮夜叩門，姑燃帚照之，亟啟戶具酒食款。
HCH_012_301_000199	叩者告曰：「吾輩夜行滅火，就求燭耳。」
HCH_012_301_000200	自此窺伺者絕意。
HCH_012_301_000201	及二弟畢婚，年四十五乃嫁，終無子。
HCH_012_301_000202	二弟迎歸，母事之。
HCH_012_301_000203	郭氏，大田人。
HCH_012_301_000204	鄧茂七之亂，鄉人結寨東巖。
HCH_012_301_000205	寨破，郭褓幼兒走，且有身，為賊所驅。
HCH_012_301_000206	郭奮罵，投百尺巖下，與兒俱碎亂石間，胎及腸胃迸出，狼籍巖下。
HCH_012_301_000207	賊據高瞰之，皆嘆曰：「真烈婦也！」
HCH_012_301_000208	瘞之去。
HCH_012_301_000209	同時有幼溪女，失其姓名。
HCH_012_301_000210	茂七破沙縣，匿草間，為二賊所獲。
HCH_012_301_000211	遇溪橋，貞女曰：「扶我過，當從一人而終。」
HCH_012_301_000212	二賊爭趨挽，至橋半，女視溪流湍急，拽二賊投水中，俱溺死。
HCH_012_301_000213	程氏，揚州胡尚絅妻。
HCH_012_301_000214	尚絅嬰危疾，婦刲腕肉啖之，不能咽而卒。
HCH_012_301_000215	婦號慟不食二日。
HCH_012_301_000216	懷孕四月矣，或曰：「得男可延夫嗣，徒死何為？」
HCH_012_301_000217	答曰：「吾亦知之，倘生女，徒茍活數月耳。」
HCH_012_301_000218	因復食，彌月果生男。
HCH_012_301_000219	明年殤，即前語翁姑曰：「媳不能常侍奉，有娣姒在，無悲也。」
HCH_012_301_000220	復絕食，越二日其姑撫之曰：「爾父母家二百里內，若不俟面訣乎？」
HCH_012_301_000221	婦曰：「可急迎之。」
HCH_012_301_000222	日飲米沈一匙以待。
HCH_012_301_000223	逾十有二日，父母遣幼弟至，婦曰：「是可白吾誌。」
HCH_012_301_000224	自是滴水不入口，徐簡中奩簪珥，令辦後事，以其餘散家人並鄰嫗嘗通問者，復自卜曰：「十八、九日皆良，吾當逝。向曾刲肉救夫，夫不可救，以灰和之置床頭，附吾左腕，以示全歸。」
HCH_012_301_000225	遂卒。
HCH_012_301_000226	王妙鳳，吳縣人。
HCH_012_301_000227	適吳奎。
HCH_012_301_000228	姑有淫行。
HCH_012_301_000229	正統中，奎商於外。
HCH_012_301_000230	姑與所私飲，並欲汙之，命妙鳳取酒，挈瓶不進。
HCH_012_301_000231	頻促之，不得已而入。
HCH_012_301_000232	姑所私戲紾其臂。
HCH_012_301_000233	妙鳳憤，拔刀斫臂不殊，再斫乃絕。
HCH_012_301_000234	父母欲訟之官，妙鳳曰：「死則死耳，豈有婦訟姑理邪？」
HCH_012_301_000235	逾旬卒。
HCH_012_301_000236	唐貴梅者，貴池人。
HCH_012_301_000237	適同里朱姓。
HCH_012_301_000238	姑與富商私，見貴梅悅之，以金帛賄其姑，誨婦淫者，百端勿聽，加箠楚勿聽，繼以炮烙，終不聽。
HCH_012_301_000239	乃以不孝訟於官。
HCH_012_301_000240	通判某受商賂，拷之幾死者數矣。
HCH_012_301_000241	商冀其改節，復令姑保出之。
HCH_012_301_000242	親黨勸婦首實，婦曰：「若爾，妾之名幸全，如播姑之惡何？」
HCH_012_301_000243	夜易服，自經後園梅樹下。
HCH_012_301_000244	及旦姑起，且將撻之。
HCH_012_301_000245	至園中乃知其死，屍懸樹三日，顏如生。
HCH_012_301_000246	其後，嘉靖二十三年，有嘉定張氏者，嫁汪客之子。
HCH_012_301_000247	其姑多與人私，諸惡少中有胡巖者，最桀黠，群黨皆聽其指使。
HCH_012_301_000248	於是與姑謀，遣其子入縣為卒，而巖等日夕縱飲。
HCH_012_301_000249	一日，呼婦共坐，不應。
HCH_012_301_000250	巖從後攫其梳，婦折梳擲地。
HCH_012_301_000251	頃之，巖徑入犯婦。
HCH_012_301_000252	婦大呼殺人，以杵擊巖。
HCH_012_301_000253	巖怒走出，婦自投於地，哭終夜不絕，氣息僅屬。
HCH_012_301_000254	詰旦，巖與姑恐事泄，縶諸床足守之。
HCH_012_301_000255	明日召諸惡少酣飲。
HCH_012_301_000256	二鼓共縛婦，槌斧交下。
HCH_012_301_000257	婦痛苦宛轉曰：「何不以利刃刺我。」
HCH_012_301_000258	一人乃前刺其頸，一人刺其脅，又椓其陰。
HCH_012_301_000259	舉屍欲焚之，屍重不可舉，乃火其室。
HCH_012_301_000260	鄰裏救火者蹋門入，見嚇然死人，驚聞於官。
HCH_012_301_000261	官逮小女奴及諸惡少鞫之，具得其實，皆以次受刑。
HCH_012_301_000262	婦死時年十九。
HCH_012_301_000263	邑故有烈婦祠，婦死前三日，祠旁人聞空中鼓樂聲，火炎炎從祠柱中出，人以為貞婦死事之征雲。
HCH_012_301_000264	楊泰奴，仁和楊得安女。
HCH_012_301_000265	許嫁未行。
HCH_012_301_000266	天順四年，母疫病不愈。
HCH_012_301_000267	泰奴三割胸肉食母，不效。
HCH_012_301_000268	一日薄幕，剖胸取肝一片，昏仆良久。
HCH_012_301_000269	及蘇，以衣裹創，手和粥以進，母遂愈。
HCH_012_301_000270	母宿有膝攣疾，亦愈。
HCH_012_301_000271	後有張氏，儀真周祥妻。
HCH_012_301_000272	姑病，醫百方不效。
HCH_012_301_000273	一方士至其門曰：「人肝可療。」
HCH_012_301_000274	張割左脅下，得膜如絮，以手探之沒腕，取肝二寸許，無少痛，作羹以進姑，病遂瘳。
HCH_012_301_000275	陳氏，祥符人。
HCH_012_301_000276	字楊瑄，未嫁而瑄卒。
HCH_012_301_000277	女請死，父母不許，欲往哭，又不許。
HCH_012_301_000278	私剪發，屬媒氏置瑄懷。
HCH_012_301_000279	汴俗聘女，以金書生年月日畀男家，號定婚帖。
HCH_012_301_000280	瑄母乃以帖裹其發，置瑄懷以葬。
HCH_012_301_000281	女遂素服以居。
HCH_012_301_000282	亡何，父母謀改聘，女縊死。
HCH_012_301_000283	後五十三年，至正德中，瑄侄永康改葬瑄，求陳骨合焉。
HCH_012_301_000284	二骨朽矣，發及定婚帖鮮完如故。
HCH_012_301_000285	葬三年，岐谷、丫瓜產墓上。
HCH_012_301_000286	張氏，秀水人。
HCH_012_301_000287	年十四，受同邑諸生劉伯春聘。
HCH_012_301_000288	伯春負才名，必欲舉於鄉而後娶。
HCH_012_301_000289	未幾卒，女號泣絕發，自為詩祭之。
HCH_012_301_000290	持服三年，不逾閫，不茹葷。
HCH_012_301_000291	服闋，即絕飲食，父母強諭之，終不食，旬日而卒。
HCH_012_301_000292	年二十，舅姑迎柩合葬焉。
HCH_012_301_000293	又有江夏歐陽金貞者，父梧，授《孝經》、《列女傳》。
HCH_012_301_000294	稍長，字羅欽仰，從梧之官柘城。
HCH_012_301_000295	梧艱歸，舟次儀真，欽仰墜水死。
HCH_012_301_000296	金貞年甫十四，驚哭欲赴水從之，父母持不許。
HCH_012_301_000297	又欲自縊，父母曰：「汝未嫁，何得爾？」
HCH_012_301_000298	對曰：「女自分無活理，即如父母言，願終身稱未亡人。」
HCH_012_301_000299	大聲哀號不止。
HCH_012_301_000300	及殮，剪發系夫右臂以殉。
HCH_012_301_000301	抵家，告父母曰：「有婦，以事姑也。姑既失子，可並令無婦乎？願歸羅，以畢所事」。
HCH_012_301_000302	父母從之。
HCH_012_301_000303	後父知廣元縣，姑病卒，女乃歸寧。
HCH_012_301_000304	有諷他適者，曰：「事姑畢矣，更何待？」
HCH_012_301_000305	女曰：「我昔殮羅郎時，有一束發纏其手，誰能掘冢開棺，取發還我，則易誌矣。」
HCH_012_301_000306	遂止。
HCH_012_301_000307	生平獨臥一樓，年六十餘卒。
HCH_012_301_000308	莊氏，海康吳金童妻。
HCH_012_301_000309	成化初，廣西流寇掠鄉邑，莊隨夫避新會，傭劉銘家。
HCH_012_301_000310	銘見莊美，欲犯之，屢誘不從。
HCH_012_301_000311	乃令黨梁狗同金童入海捕魚，沒水死。
HCH_012_301_000312	越三日不還，莊求之海賓，屍浮岸側，手足被縛，腫腐莫可辨。
HCH_012_301_000313	莊以衣識之，歸攜女赴水，抱夫屍而沒。
HCH_012_301_000314	翼日，三屍隨流繞銘門，去而復還。
HCH_012_301_000315	士人感異殯祭之，然莫知銘殺也，後梁狗漏言，有司並捕考，處以極刑。
HCH_012_301_000316	唐氏，汝陽陳旺妻，隨其夫以歌舞逐食四方。
HCH_012_301_000317	正德三年秋，旺攜妻及女環兒、侄成兒至江夏九峰山。
HCH_012_301_000318	有史聰者，亦以傀儡為業。
HCH_012_301_000319	見婦、女皆艷麗，而旺且老，因紿旺至青山，夜殺之。
HCH_012_301_000320	明日，聰獨返，攜其婦、女、幼侄入武昌山吳王祠，持利刃脅唐。
HCH_012_301_000321	唐曰：「汝殺吾夫，吾不能殺汝以復仇，忍從汝亂邪？」
HCH_012_301_000322	遂遇害。
HCH_012_301_000323	賊裹以席，置荊棘中。
HCH_012_301_000324	明日，徙蓑衣園，賊又迫環兒，臨以刃。
HCH_012_301_000325	環兒哭且詈，聲振林木，賊亦殺之，瘞糞壤中而去。
HCH_012_301_000326	其年冬至，賊被酒，成兒潛出告官，擒於葛店市，伏誅。
HCH_012_301_000327	王氏，慈谿人。
HCH_012_301_000328	聘於陳，而夫佳病，其父母娶婦以慰之。
HCH_012_301_000329	及門，即入侍湯藥。
HCH_012_301_000330	未幾，佳卒，王年甫十七，矢誌不嫁。
HCH_012_301_000331	姑張氏曰：「未成禮而守，無名。」
HCH_012_301_000332	女曰：「入陳氏門，經事君子，何謂無名？」
HCH_012_301_000333	姑乃使其二女從容諷之。
HCH_012_301_000334	婦不答，截發毀容。
HCH_012_301_000335	姑終欲強之，窘辱萬狀。
HCH_012_301_000336	二小姑陵之若婢，稍不順即爪其面，姑聞復加箠楚。
HCH_012_301_000337	女口不出怨言，曰：「不逼嫁，為婢亦甘也。」
HCH_012_301_000338	夜寢處小姑床下，受濕得傴疾，私自幸曰：「我知免矣。」
HCH_012_301_000339	鞠從子梅為嗣，教之。
HCH_012_301_000340	成化初領鄉薦，卒昌其家。
HCH_012_301_000341	後有易氏，分宜人，嫁安福王世昌。
HCH_012_301_000342	時世昌已遘疾，奄奄十餘月，易事之，衣不解帶。
HCH_012_301_000343	世昌死，除喪猶縞素。
HCH_012_301_000344	姑憐之，謂：「汝猶處子，可終累乎？」
HCH_012_301_000345	跪泣曰：「是何言哉？父母許我王氏，即終身王氏婦矣。」
HCH_012_301_000346	自是獨處一樓，不窺外戶四十餘年。
HCH_012_301_000347	方世昌疾，所吐痰血，輒手一布囊盛之。
HCH_012_301_000348	卒後，用所盛囊為枕，枕之終身。
HCH_012_301_000349	鐘氏，桐城陶鏞妻。
HCH_012_301_000350	鏞以罪被戍，卒於外。
HCH_012_301_000351	鐘年二十五，子繼甫在抱，負鏞骨四千餘里歸葬。
HCH_012_301_000352	乃斷髮杜門，年八十二以節終。
HCH_012_301_000353	繼亦早卒，妻方氏年二十七，子亮甫二歲。
HCH_012_301_000354	其兄憐之，微叩其意，方以死誓。
HCH_012_301_000355	景泰中，亮舉鄉試，業於太學，卒。
HCH_012_301_000356	妻王氏年二十八，妾吳氏二十二，皆無子，扶櫬歸葬。
HCH_012_301_000357	貧不能支，所親勸之嫁，兩人哭曰：「而不知我之為節婦婦乎！」
HCH_012_301_000358	乃共以紡績自給。
HCH_012_301_000359	越二十六年，縣令陳勉以聞，詔旌三代。
HCH_012_301_000360	人稱之曰四節裏。
HCH_012_301_000361	宣氏，嘉定張樹田妻。
HCH_012_301_000362	夫素狂悖，與宣不睦。
HCH_012_301_000363	夫病，宣晨夕奉事。
HCH_012_301_000364	及死，誓身殉。
HCH_012_301_000365	時樹田友人沈思道亦死，其婦孫與宣以死相要，各分尺帛。
HCH_012_301_000366	孫自經，或勸宣曰：「彼與夫相得，故以死報，汝何為效之？」
HCH_012_301_000367	宣嘆曰：「予知盡婦道而已，安論夫之賢不賢。」
HCH_012_301_000368	卒縊死。
HCH_012_301_000369	徐氏，慈谿人，定海金傑妻也。
HCH_012_301_000370	成化中，傑兄以罪逮入京，傑往請代。
HCH_012_301_000371	瀕行，徐已有身，傑謂曰：「予去，生死不可知，若生男善撫之，金氏鬼庶得食也。」
HCH_012_301_000372	已而悔曰：「我幾誤汝，吾去無還理，即死，善事後人。」
HCH_012_301_000373	徐泣曰：「君以義往，上必義君，君兄弟當同歸，無過苦也。即如君言，妾有死耳，敢忘付托乎？」
HCH_012_301_000374	已果生男，無何兄得還，傑竟瘐死。
HCH_012_301_000375	徐撫孤慟曰：「我本欲從汝父地下，奈金氏何？」
HCH_012_301_000376	強營葬事。
HCH_012_301_000377	服闋，父母勸他適，截發斷指自誓，食淡茹苦六十餘年，視子孫再世成立，乃卒。
HCH_012_301_000378	義妾張氏，南京人。
HCH_012_301_000379	松江楊玉山商南京，娶為妾。
HCH_012_301_000380	逾月以婦妒，遣之歸。
HCH_012_301_000381	張屏居自守，楊亦數往來，所贈千計。
HCH_012_301_000382	後二十餘年，楊坐役累，罄其產，怏怏失明。
HCH_012_301_000383	張聞之，直造楊廬，拜主母，捧楊袂大慟。
HCH_012_301_000384	乃悉出向所贈金珠，具裝，嫁其二女，並為二子娶婦，留侍湯藥。
HCH_012_301_000385	逾年楊死，守其柩不去。
HCH_012_301_000386	既免喪，父母強之歸，不從，矢誌以歿，終身不見一人。
HCH_012_301_000387	龔烈婦，江陰人。
HCH_012_301_000388	年十七嫁劉玉，家貧，力作養姑。
HCH_012_301_000389	姑亡，相夫營葬。
HCH_012_301_000390	夫又亡，無以為斂。
HCH_012_301_000391	裏有羨婦色者，欲助以棺。
HCH_012_301_000392	龔覺其意，辭之。
HCH_012_301_000393	既又強之，龔恐無以自脫，乃以所生六歲男、三歲女寄食母家。
HCH_012_301_000394	是夜，積麥稿屋中，舉火自焚，抱夫屍死。
HCH_012_301_000395	又江氏，蒙城王可道妻。
HCH_012_301_000396	夫貧，負販糊口，死不能斂。
HCH_012_301_000397	比鄰諸生李雲蟾合錢斂之，卜日以葬。
HCH_012_301_000398	及期，率眾至其家，闃然無聲，廚下燈微明，趨視之飲食畢具，蓋以待舁棺者，婦已縊死竈旁矣。
HCH_012_301_000399	眾驚嘆，復合錢並葬之。
HCH_012_301_000400	會稽範氏二女，幼好讀書，並通《列女傳》。
HCH_012_301_000401	長適江，一月寡。
HCH_012_301_000402	次將歸傅，而夫亡。
HCH_012_301_000403	二女同守節，築高垣，圍田十畝，穿井其中，為屋三楹以居。
HCH_012_301_000404	當種獲，父啟圭竇率傭以入，餘日則塞其竇，共汲井灌田。
HCH_012_301_000405	如是者三十年。
HCH_012_301_000406	自為塋於屋後，成化中卒，竟合葬焉。
HCH_012_301_000407	族人即其田立祠以祀。
HCH_012_301_000408	又有丁美音，漵浦丁正明女。
HCH_012_301_000409	幼受夏學程聘，年十八將嫁，學程死，美音誓不再嫁。
HCH_012_301_000410	父母曰：「未嫁守節，非禮也。何自苦如此？」
HCH_012_301_000411	美音嚙指滴血，籲天自矢。
HCH_012_301_000412	當道交旌之，賫以銀幣約百金，乃構室獨居，鬻田自贍，事舅姑，養父母。
HCH_012_301_000413	鄉人名其田為貞女田。
HCH_012_301_000414	成氏，無錫人，定陶教諭繒女，登封訓導尤輔妻也。
HCH_012_301_000415	輔遊學靖江，成從焉。
HCH_012_301_000416	江水夜溢，家人倉卒升屋，成整衣欲上，問：「爾等衣邪？」
HCH_012_301_000417	眾謝不暇。
HCH_012_301_000418	成曰：「安有男女裸，而尚可俱生邪？我獨留死耳。」
HCH_012_301_000419	眾號哭請，不應。
HCH_012_301_000420	厥明，水退，坐死榻上。
HCH_012_301_000421	後崇禎中，興安大水，漂沒廬舍。
HCH_012_301_000422	有結筏自救者，鄰裏多附之。
HCH_012_301_000423	二女子附一朽木，倏沈倏浮，引筏救之，年皆十六七，問其姓氏不答。
HCH_012_301_000424	二女見筏上男子有裸者，嘆曰：「吾姊妹倚木不死，冀有善地可存也，今若此，何用生為！」
HCH_012_301_000425	攜手躍入波中死。
HCH_012_301_000426	章銀兒，蘭谿人。
HCH_012_301_000427	幼喪父，獨與母居。
HCH_012_301_000428	邑多火災，室盡毀，結茅以棲母。
HCH_012_301_000429	母方疾，鄰居又火，銀兒出視，眾呼令疾避。
HCH_012_301_000430	銀兒曰：「母疾不能動，何可獨避。」
HCH_012_301_000431	亟返入廬，欲扶母出，烈焰忽覆其廬，眾莫能救。
HCH_012_301_000432	火光中，遙見銀兒抱其母，宛轉同焚死，時弘治元年三月也。
HCH_012_301_000433	義妹茅氏，慈谿人。
HCH_012_301_000434	年十四，父母亡，獨與兄嫂居。
HCH_012_301_000435	其兄病痿臥。
HCH_012_301_000436	值倭入縣，嫂出奔，呼與偕行。
HCH_012_301_000437	女曰：「我室女，將安之！且俱去，誰扶吾兄者！」
HCH_012_301_000438	賊至，縱火，女力扶其兄避於空室，竟被燔灼並死。
HCH_012_301_000439	招囊猛，雲南孟璉長官司土官舍人刁派羅妻也。
HCH_012_301_000440	年二十五，夫死，守節二十八年。
HCH_012_301_000441	弘治六年九月，雲南都指揮使奏其事。
HCH_012_301_000442	帝曰：「朕以天下為家，方思勵名教以變夷俗。其有趨於禮義者，烏可不亟加獎勵。招囊猛貞節可嘉，其即令有司顯其門閭，使遠夷益知向化，無俟核報。」
HCH_012_301_000443	張維妻淩氏，慈谿人。
HCH_012_301_000444	弘治中，維舉於鄉，卒。
HCH_012_301_000445	婦年二十五，子四歲亦卒。
HCH_012_301_000446	其兄諷之改圖，婦痛哭嚙唇，噀血灑地，終身不歸寧。
HCH_012_301_000447	舅姑慰之曰：「不幸絕嗣，日計無賴，吾二人景逼矣，爾年尚遠，何以為活？」
HCH_012_301_000448	婦曰：「恥辱事重，餓死甘之。」
HCH_012_301_000449	乃出簪珥為舅納妾，果得子，喜曰：「張氏不絕，亡夫墓門且有寒食矣。」
HCH_012_301_000450	後舅病瘋，姑雙目瞽，婦紡績供養，二十年不衰。
HCH_012_301_000451	後有杜氏，貴池曹桂妻。
HCH_012_301_000452	年二十四，夫亡，遺腹生女，悲苦無計。
HCH_012_301_000453	日諷姑為舅納妾，果生一子。
HCH_012_301_000454	產後，妾死，杜以己女托於族母，而自乳其叔。
HCH_012_301_000455	逾年翁喪，勸者曰：「汝辛苦撫孤，寧能以叔後汝乎？」
HCH_012_301_000456	杜曰：「叔後吾翁，異日生二子，即以一子後我夫，吾誌畢矣。」
HCH_012_301_000457	後卒如其言。
HCH_012_301_000458	義婦楊氏，王世昌妻，臨漳人。
HCH_012_301_000459	弘治中，世昌兄坐事論死。
HCH_012_301_000460	世昌念兄為嫡子，請代其刑。
HCH_012_301_000461	時楊未笄，謀於父母宗族曰：「彼代兄死為義士，我顧不能為義婦邪？願訴於上代夫死。」
HCH_012_301_000462	遂入京陳情，敕法司議，夫妻並得釋。
HCH_012_301_000463	史氏，杞縣人。
HCH_012_301_000464	字孔弘業，未嫁而夫卒。
HCH_012_301_000465	欲往殉之，母不許。
HCH_012_301_000466	女七日不食，母持茗逼之飲，雙蛾適墮杯中死，女指示曰：「物意尚孚我心，母獨不諒人邪！」
HCH_012_301_000467	母知不可奪，翌日制素衣縞裳，送之孔氏。
HCH_012_301_000468	及暮，辭舅姑，整衣自經死。
HCH_012_301_000469	白氣縷縷勝屋上，達旦始消。
HCH_012_301_000470	又有林端娘者，甌寧人，字陳廷策。
HCH_012_301_000471	聞廷策訃，寄聲曰：「勿殮，吾將就死。」
HCH_012_301_000472	父曰：「而雖許字，未納幣也。」
HCH_012_301_000473	對曰：「既詐矣，何幣之問？」
HCH_012_301_000474	父謹防之。
HCH_012_301_000475	曰：「女奚所不可死，顧死夫家韙耳。」
HCH_012_301_000476	父曰：「婿家貧，無以周身。」
HCH_012_301_000477	曰：「身非所恤。」
HCH_012_301_000478	又曰：「婿家貧，孰為標名？」
HCH_012_301_000479	曰：「名非所求。」
HCH_012_301_000480	遂往哭奠畢，自克死期，理帛自經，三拱而絕。
HCH_012_301_000481	陳故家青陽山下，山下人言婦將盡時，山鳴三晝夜。
HCH_012_301_000482	汪烈婦，晉江諸生楊希閔妻也。
HCH_012_301_000483	年二十三，夫死，無子，欲自經。
HCH_012_301_000484	家人防之謹，不得間。
HCH_012_301_000485	氏聞茉莉有毒能殺人，多方求之，家人不知也，日供數百朵。
HCH_012_301_000486	逾月，家人為亡者齋祭，婦自撰祭文，辭甚悲。
HCH_012_301_000487	夜五鼓，防者稍懈，取所積花煎飲之，天明死。
HCH_012_301_000488	竇妙善，京師崇文坊人。
HCH_012_301_000489	年十五，為工部主事余姚姜榮妾。
HCH_012_301_000490	正德中，榮以瑞州通判攝府事。
HCH_012_301_000491	華林賊起，寇瑞，榮出走。
HCH_012_301_000492	賊入城，執其妻及婢數人，問榮所在。
HCH_012_301_000493	時妙善居別室，急取府印，開後窗投荷池。
HCH_012_301_000494	衣鮮衣前曰：「太守統援兵數千，出東門捕爾等，旦夕授首，安得執吾婢？」
HCH_012_301_000495	賊意其夫人也，解前所執數人，獨輿妙善出城。
HCH_012_301_000496	適所驅隸中，有盛豹者父子被掠，其子叩頭乞縱父，賊許之。
HCH_012_301_000497	妙善曰：「是有力，當以舁我，何得遽縱。」
HCH_012_301_000498	賊從之。
HCH_012_301_000499	行數里，妙善視前後無賊，低語豹曰：「我所以留汝者，以太守不知印處，欲藉汝告之。今當令汝歸，幸語太守，自此前行遇井，即畢命矣。」
HCH_012_301_000500	呼賊曰：「是人不善舁，可仍縱之，易善舁者。」
HCH_012_301_000501	賊又從之。
HCH_012_301_000502	行至花塢遇井，妙善曰：「吾渴不可忍，可汲水置井傍，吾將飲。」
HCH_012_301_000503	賊如其言，妙善至井傍，跳身以入，賊驚救不得而去。
HCH_012_301_000504	豹入城告榮取印，引至花塢，覓井，果得妙善屍。
HCH_012_301_000505	越七年，郡縣上其事，詔建特祠，賜額貞烈。
HCH_012_301_000506	石門丐婦，湖州人，莫詳其姓氏。
HCH_012_301_000507	正德中，湖大饑，婦隨其夫及姑走崇德石門市乞食。
HCH_012_301_000508	三人偶相失。
HCH_012_301_000509	婦有色，市人爭挑之。
HCH_012_301_000510	與之食不顧，誘之財亦不顧。
HCH_012_301_000511	寓東高橋上，不復乞食者二日。
HCH_012_301_000512	伺夫與姑皆不至，聚觀者益眾，婦乃從橋上躍入水中死。
HCH_012_301_000513	賈氏，慶雲諸生陳俞妻。
HCH_012_301_000514	正德六年，兵變，值舅病卒，家人挽之避，痛哭曰：「舅尚未斂，婦何惜一死。」
HCH_012_301_000515	身服斬衰不解。
HCH_012_301_000516	兵至，縱火迫之出，罵不絕口，刃及身無完膚，與舅屍同燼。
HCH_012_301_000517	年二十五。
HCH_012_301_000518	鄞縣諸生李珂妻胡氏，年十八歸珂。
HCH_012_301_000519	閱七年，珂死，遺男女各一，胡誓不逾閾。
HCH_012_301_000520	鄰火作，珂兄珮往救之，曰：「阿姆來，吾乃出。」
HCH_012_301_000521	珮使妻陳往，婦以七歲男自牖付之，屬曰：「幸念吾夫，善視之。」
HCH_012_301_000522	陳曰：「嬸將何如？」
HCH_012_301_000523	紿之曰：「取少首飾即出。」
HCH_012_301_000524	陳去，胡即累衣箱塞戶，抱三歲女端坐火中死。
HCH_012_301_000525	陳宗球妻史氏，南安人。
HCH_012_301_000526	夫死將殉有期矣，尚為姑釀酒。
HCH_012_301_000527	姑曰：「婦已決死，生存豈多日，何辛苦為？」
HCH_012_301_000528	曰：「政為日短，故釀而奉姑。」
HCH_012_301_000529	將死，告舅曰：「婦有喪，幸毋髹棺。」
HCH_012_301_000530	遂縊。
HCH_012_301_000531	葉氏，定海人。
HCH_012_301_000532	許聘慈谿翁姓，而父母俱歿，遂育於翁。
HCH_012_301_000533	年十四，翁資產日落，且失其姑，舅待之如奴，勞勚萬狀，略無怨色。
HCH_012_301_000534	舅以子幼，欲鬻之羅姓者，葉恚曰：「我非貨也，何輾轉貿易為？」
HCH_012_301_000535	日哽咽垂涕。
HCH_012_301_000536	既知不可免，偽為喜色，舅遂寬之。
HCH_012_301_000537	夜月上，紿諸姒曰：「月色甚佳，盍少猶夷乎？」
HCH_012_301_000538	趨門外良久。
HCH_012_301_000539	諸姒並勸曰：「夜既半矣，盍就寢。」
HCH_012_301_000540	遂入，及晨覓之，則氏已浮屍於河矣，起之色如生。
HCH_012_301_000541	胡貴貞，樂平人。
HCH_012_301_000542	生時，父母欲不舉，其鄰曾媼救之歸，與子天福同乳，欲俟其長而配焉。
HCH_012_301_000543	天福年十八，父母繼亡，家甚落。
HCH_012_301_000544	貴貞父將奪以姻富家，女曰：「我鞠於曾，婦於曾，分姑媳，恩母子，可以饑寒棄之邪？」
HCH_012_301_000545	乃依從姑以居，蓽舍單淺，外人未嘗識其面。
HCH_012_301_000546	其兄乘天福未婚，曳以歸，出視求聘者金寶笄飾。
HCH_012_301_000547	女知不免，潛入房縊死。
HCH_012_301_000548	孫氏，吳縣衛廷珪妻。
HCH_012_301_000549	隨夫商販，寓潯陽小江口。
HCH_012_301_000550	寧王陷九江，廷珪適他往，所親急邀孫共逃。
HCH_012_301_000551	孫謂兩女金蓮、玉蓮曰：「我輩異鄉人，汝父不在，逃將安之？今賊已劫鄰家矣，奈何？」
HCH_012_301_000552	女曰：「生死不相離，要當為父全此身耳。」
HCH_012_301_000553	於是母子共一長繩自束，赴河死。
HCH_012_301_000554	江氏，余幹夏璞妻。
HCH_012_301_000555	正德間，賊至，抱方晬弟走，不得脫。
HCH_012_301_000556	賊將縛之，曰：「誠願與將軍俱，顧吾父年老，惟一弟，幸得全之。」
HCH_012_301_000557	賊以為信，縱令置所抱兒，出遂大聲罵賊，投橋下死。
HCH_012_301_000558	後隆慶中，有高明嚴氏，賊掠其境，隨兄出避，遇賊，刃及其兄。
HCH_012_301_000559	女跪泣曰：「父早喪，孀母堅守，恃此一兄，殺之則祀殄矣，請以身代。」
HCH_012_301_000560	賊憫然為納刃。
HCH_012_301_000561	既而欲汙之，則曰：「請釋吾兄即配汝。」
HCH_012_301_000562	及兄去，執不從，竟剖腹而死。
